Block	MerSort	QuickSort	Swaps
1	0.000036	0.000021	412
2	0.000060	0.000041	1358
3	0.000099	0.000065	2880
4	0.000132	0.000090	4983
5	0.000170	0.000115	7573
6	0.000155	0.000104	10555
7	0.000183	0.000131	14619
8	0.000215	0.000162	19699
9	0.000238	0.000176	26351
10	0.000271	0.000191	31856
11	0.000300	0.000211	38566
12	0.000324	0.000232	47268
13	0.000363	0.000254	55977
14	0.000315	0.000224	66296
15	0.000331	0.000237	75731
16	0.000360	0.000256	86852
17	0.000382	0.000272	98090
18	0.000401	0.000285	109560
19	0.000428	0.000324	122343
20	0.000377	0.000271	136494
21	0.000392	0.000299	154171
22	0.000420	0.000300	168561
23	0.000446	0.000313	182506
24	0.000462	0.000342	200760
25	0.000418	0.000302	220867
26	0.000429	0.000316	238129
27	0.000458	0.000334	259351
28	0.000467	0.000348	280198
29	0.000485	0.000365	301143
30	0.000442	0.000325	325909
31	0.000451	0.000333	349069
32	0.000473	0.000338	370741
33	0.000493	0.000359	396030
34	0.000501	0.000334	424812
35	0.000464	0.000340	450815
36	0.000473	0.000353	476189
37	0.000493	0.000364	503968
38	0.000510	0.000402	532663
39	0.000471	0.000366	569537
40	0.000507	0.000400	600854
41	0.000489	0.000402	629658
42	0.000508	0.000370	660898
43	0.000524	0.000380	690967
44	0.000541	0.000400	724223
45	0.000601	0.000396	755928
46	0.000560	0.000413	789173
47	0.000592	0.000421	820428
48	0.000611	0.000443	855168
49	0.000619	0.000466	895768
50	0.000636	0.000464	935853
51	0.000638	0.000478	973169
52	0.000653	0.000486	1012962
53	0.000672	0.000511	1052896
54	0.000688	0.000509	1096698
55	0.000699	0.000525	1141994
56	0.000719	0.000532	1187352
57	0.000732	0.000537	1231035
58	0.000741	0.000538	1276203
59	0.000753	0.000576	1325445
60	0.000766	0.000575	1378275
61	0.000778	0.000578	1423362
62	0.000789	0.000589	1475521
63	0.000813	0.000608	1525390
64	0.000825	0.000633	1581623
65	0.000850	0.000638	1639090
66	0.000855	0.000628	1691076
67	0.000868	0.000632	1739266
68	0.000887	0.000660	1799287
69	0.000899	0.000661	1849850
70	0.000908	0.000671	1906496
71	0.000921	0.000686	1960736
72	0.000927	0.000691	2016886
73	0.000950	0.000723	2082175
74	0.000965	0.000707	2140861
75	0.000982	0.000714	2195105
76	0.000996	0.000741	2253358
77	0.001008	0.000756	2313217
78	0.001024	0.000768	2375518
79	0.001037	0.000770	2435083
80	0.001051	0.000786	2501703
81	0.001057	0.000812	2576784
82	0.001067	0.000801	2643143
83	0.001088	0.000824	2710213
84	0.001104	0.000826	2777171
85	0.001126	0.000833	2846992
86	0.001139	0.000854	2920313
87	0.001154	0.000866	2992575
88	0.001174	0.000873	3066277
89	0.001184	0.000875	3135111
90	0.001199	0.000901	3216417
91	0.001217	0.000907	3288184
92	0.001221	0.000901	3360940
93	0.001234	0.000913	3436900
94	0.001255	0.000924	3513043
95	0.001265	0.000935	3595552
96	0.001252	0.000928	3669622
97	0.001305	0.000966	3749831
98	0.001332	0.001021	3834907
99	0.001294	0.000968	3919595
100	0.001303	0.000983	4008323
101	0.001351	0.000992	4096052
102	0.001321	0.001045	4178083
103	0.001331	0.001037	4279581
104	0.001353	0.001017	4367471
105	0.001417	0.001009	4447758
106	0.001387	0.001040	4539115
107	0.001400	0.001044	4628756
108	0.001414	0.001062	4720133
109	0.001437	0.001059	4809129
110	0.001447	0.001104	4913553
111	0.001461	0.001088	5002906
112	0.001473	0.001129	5101302
113	0.001482	0.001147	5209100
114	0.001501	0.001116	5304963
115	0.001525	0.001166	5411372
116	0.001535	0.001155	5503295
117	0.001545	0.001174	5608145
118	0.001560	0.001145	5700505
119	0.001574	0.001152	5795331
120	0.001585	0.001208	5898518
121	0.001592	0.001207	5999440
122	0.001601	0.001218	6094510
123	0.001610	0.001212	6196708
124	0.001631	0.001239	6309374
125	0.001651	0.001238	6417532
126	0.001676	0.001278	6529948
127	0.001689	0.001270	6634355
128	0.001697	0.001277	6738263
129	0.001715	0.001300	6848682
130	0.001731	0.001319	6965489
131	0.001746	0.001317	7080320
132	0.001758	0.001331	7194782
133	0.001771	0.001346	7316009
134	0.001781	0.001348	7440517
135	0.001799	0.001408	7555309
136	0.001822	0.001361	7666004
137	0.001834	0.001364	7776148
138	0.001848	0.001435	7912126
139	0.001866	0.001381	8025259
140	0.001877	0.001397	8142241
141	0.001888	0.001446	8272951
142	0.001903	0.001438	8411339
143	0.001914	0.001425	8526632
144	0.001923	0.001473	8659941
145	0.001944	0.001467	8793866
146	0.001963	0.001472	8914991
147	0.001974	0.001457	9031886
148	0.001989	0.001556	9171729
149	0.002008	0.001510	9297252
150	0.002016	0.001534	9434439
151	0.001987	0.001488	9559539
152	0.002036	0.001557	9688278
153	0.002048	0.001509	9819019
154	0.002062	0.001557	9964732
155	0.002041	0.001515	10098697
156	0.002057	0.001592	10265170
157	0.002070	0.001604	10404496
158	0.002085	0.001627	10571852
159	0.002123	0.001641	10723123
160	0.002110	0.001578	10865165
161	0.002144	0.001585	10994299
162	0.002122	0.001717	11154309
163	0.002137	0.001614	11295113
164	0.002177	0.001635	11432742
165	0.002168	0.001605	11568575
166	0.002220	0.001685	11732397
167	0.002204	0.001703	11875133
168	0.002220	0.001669	12029490
169	0.002265	0.001685	12180714
170	0.002319	0.001736	12343190
171	0.002268	0.001713	12479822
172	0.002318	0.001719	12636386
173	0.002339	0.001715	12794728
174	0.002316	0.001772	12940557
175	0.002418	0.001811	13088604
176	0.002351	0.001763	13243023
177	0.002423	0.001799	13405464
178	0.002377	0.001811	13564726
179	0.002394	0.001794	13732574
180	0.002451	0.001862	13915221
181	0.002423	0.001837	14069944
182	0.002438	0.001877	14231945
183	0.002499	0.001898	14394370
184	0.002492	0.001900	14575673
185	0.002525	0.001912	14741309
186	0.002478	0.001897	14902118
187	0.002533	0.001914	15059162
188	0.002547	0.001904	15217045
189	0.002534	0.001887	15376764
190	0.002580	0.001988	15568049
191	0.002595	0.001957	15722416
192	0.002658	0.002044	15896034
193	0.003049	0.002155	16084871
194	0.002730	0.002136	16277989
195	0.002879	0.001998	16439977
196	0.002738	0.002153	16616846
197	0.002788	0.002154	16823169
198	0.002816	0.002106	16996675
199	0.002757	0.002056	17177806
200	0.002686	0.002082	17354454
201	0.002824	0.002052	17544091
202	0.002796	0.002160	17737035
203	0.002770	0.002085	17924117
204	0.002726	0.002175	18129185
205	0.002797	0.002085	18317713
206	0.002799	0.002213	18494492
207	0.002842	0.002158	18676911
208	0.002857	0.002164	18859949
209	0.002878	0.002231	19059756
210	0.002890	0.002161	19234827
211	0.002917	0.002180	19419655
212	0.002931	0.002195	19599164
213	0.002948	0.002265	19812163
214	0.002967	0.002221	19989248
215	0.002974	0.002276	20191087
216	0.003004	0.002283	20399471
217	0.003008	0.002316	20612254
218	0.003032	0.002282	20818037
219	0.003043	0.002296	21011495
220	0.003056	0.002280	21200925
221	0.003080	0.002315	21402834
222	0.003018	0.002285	21592797
223	0.003028	0.002305	21791962
224	0.003072	0.002411	22005578
225	0.003168	0.002352	22209573
226	0.003102	0.002381	22436165
227	0.003084	0.002394	22650018
228	0.003104	0.002373	22851754
229	0.003160	0.002361	23063275
230	0.003160	0.002396	23258889
231	0.003201	0.002376	23459491
232	0.003184	0.002427	23686084
233	0.003223	0.002443	23914380
234	0.003214	0.002441	24148442
235	0.003197	0.002443	24360633
236	0.003287	0.002503	24590406
237	0.003302	0.002650	24830026
238	0.003322	0.002616	25039671
239	0.003325	0.002514	25242230
240	0.003340	0.002520	25455189
241	0.003356	0.002570	25685836
242	0.003366	0.002566	25911488
243	0.003378	0.002589	26130948
244	0.003386	0.002630	26364918
245	0.003400	0.002609	26590767
246	0.003442	0.002636	26821900
247	0.003431	0.002630	27054732
248	0.003454	0.002646	27286481
249	0.003484	0.002700	27521057
250	0.003439	0.002674	27773314
251	0.003452	0.002596	27994863
252	0.003533	0.002702	28232333
253	0.003542	0.002722	28463812
254	0.003591	0.002716	28714784
255	0.003558	0.002723	28948340
256	0.003554	0.002764	29171501
257	0.003602	0.002722	29412350
258	0.003594	0.002799	29653371
259	0.003627	0.002765	29887062
260	0.003616	0.002754	30123589
261	0.003641	0.002757	30362662
262	0.003689	0.002805	30598387
263	0.003702	0.002842	30844106
264	0.003707	0.002801	31077629
265	0.003717	0.002866	31333138
266	0.003751	0.002846	31571230
267	0.003790	0.002858	31810420
268	0.003816	0.002822	32059202
269	0.003823	0.003126	32320371
270	0.003850	0.002875	32568037
271	0.003820	0.002914	32831764
272	0.003851	0.002979	33104712
273	0.003858	0.003002	33388207
274	0.003875	0.002942	33634418
275	0.003890	0.002988	33881149
276	0.003900	0.003000	34150998
277	0.003922	0.002990	34394163
278	0.003937	0.003024	34673688
279	0.003946	0.002972	34925922
280	0.003957	0.002970	35168710
281	0.003973	0.003059	35440854
282	0.003984	0.003046	35710170
283	0.003997	0.003106	35994886
284	0.004011	0.003045	36260035
285	0.004012	0.003052	36511874
286	0.003983	0.003046	36780836
287	0.003968	0.003059	37066632
288	0.003957	0.003048	37322544
289	0.003979	0.003183	37646230
290	0.004053	0.003080	37909929
291	0.004042	0.003072	38200329
292	0.004059	0.003073	38464903
293	0.004078	0.003091	38737941
294	0.004098	0.003100	39004555
295	0.004110	0.003212	39301462
296	0.004131	0.003111	39578162
297	0.004142	0.003095	39835772
298	0.004170	0.003113	40092016
299	0.004183	0.003299	40382103
300	0.004198	0.003203	40662639
301	0.004213	0.003234	40963856
302	0.004226	0.003236	41232626
303	0.004242	0.003384	41574189
304	0.004697	0.003437	41853324
305	0.004303	0.003349	42145190
306	0.004372	0.003315	42428061
307	0.004413	0.003338	42716130
308	0.004395	0.003343	42995102
309	0.004440	0.003420	43306800
310	0.004420	0.003438	43612949
311	0.004438	0.003390	43921729
312	0.004449	0.003338	44202717
313	0.004468	0.003443	44517390
314	0.004479	0.003374	44800307
315	0.004490	0.003444	45107916
316	0.004509	0.003411	45399965
317	0.004510	0.003359	45697287
318	0.004451	0.003364	45988488
319	0.004524	0.003401	46292282
320	0.004500	0.003485	46602131
321	0.004525	0.003431	46917650
322	0.004506	0.003464	47204637
323	0.004512	0.003417	47505695
324	0.004495	0.003424	47802454
325	0.004533	0.003479	48090818
326	0.004576	0.003498	48403167
327	0.004643	0.003721	48735441
328	0.004568	0.003575	49057180
329	0.004589	0.003550	49386273
330	0.004716	0.003639	49719068
331	0.004626	0.003612	50049841
332	0.004738	0.003553	50388711
333	0.004719	0.003607	50723130
334	0.004682	0.003660	51018363
335	0.004701	0.003713	51376059
336	0.004773	0.003659	51699412
337	0.004830	0.003695	52015347
338	0.004840	0.003726	52337835
339	0.004864	0.003758	52685101
340	0.004890	0.003747	53000042
341	0.004900	0.003719	53309056
342	0.004916	0.003742	53631677
343	0.004934	0.003759	53957963
344	0.004960	0.003795	54279281
345	0.004967	0.003734	54589943
346	0.004945	0.003738	54925108
347	0.004941	0.003800	55247226
348	0.004922	0.003780	55572310
349	0.004938	0.003712	55908690
350	0.004953	0.003692	56237748
351	0.005008	0.003813	56556808
352	0.004993	0.003836	56912978
353	0.005013	0.003985	57285344
354	0.005021	0.003853	57626056
355	0.005101	0.003803	57961804
356	0.005056	0.003850	58305989
357	0.005061	0.003844	58648805
358	0.005087	0.003918	59016636
359	0.005173	0.003931	59375964
360	0.005190	0.003869	59709297
361	0.005156	0.003908	60034427
362	0.005164	0.003869	60357281
363	0.005192	0.003949	60705440
364	0.005191	0.003954	61058284
365	0.005189	0.003932	61411256
366	0.005229	0.003991	61759572
367	0.005223	0.004028	62115310
368	0.005240	0.004012	62474579
369	0.005218	0.003954	62834941
370	0.005240	0.003993	63211586
371	0.005250	0.004030	63580745
372	0.005267	0.004049	63957507
373	0.005286	0.003994	64303283
374	0.005363	0.004048	64695253
375	0.005334	0.004228	65082952
376	0.005381	0.004073	65458971
377	0.005416	0.004094	65798001
378	0.005373	0.004370	66225192
379	0.005391	0.004283	66621533
380	0.005409	0.004261	67021413
381	0.005453	0.004182	67380611
382	0.005504	0.004215	67775001
383	0.005457	0.004163	68144308
384	0.005470	0.004170	68508532
385	0.005522	0.004195	68892479
386	0.005512	0.004476	69347875
387	0.005541	0.004285	69732993
388	0.005528	0.004321	70146634
389	0.005516	0.004201	70490573
390	0.005530	0.004176	70882659
391	0.005571	0.004279	71273606
392	0.005580	0.004219	71657011
393	0.005605	0.004251	72014110
394	0.005614	0.004347	72431244
395	0.005661	0.004352	72794121
396	0.005650	0.004348	73189641
397	0.005657	0.004474	73606354
398	0.005739	0.004364	73999113
399	0.005684	0.004422	74407663
400	0.005704	0.004388	74791986
401	0.005717	0.004437	75230637
402	0.005788	0.004432	75645248
403	0.005746	0.004375	76047300
404	0.005752	0.004474	76477641
405	0.005755	0.004345	76873557
406	0.005772	0.004389	77255680
407	0.005817	0.004529	77675376
408	0.005850	0.004553	78068295
409	0.005864	0.004519	78446591
410	0.005805	0.004456	78817613
411	0.005833	0.004515	79220788
412	0.005849	0.004497	79609378
413	0.005864	0.004679	80000997
414	0.005886	0.004651	80468159
415	0.005905	0.004613	80901868
416	0.005927	0.004610	81353199
417	0.005991	0.004544	81764558
418	0.005959	0.004632	82246429
419	0.006000	0.004660	82665425
420	0.005992	0.004592	83056294
421	0.006007	0.004656	83525698
422	0.006034	0.004654	83935165
423	0.006056	0.004711	84355923
424	0.006061	0.004657	84793913
425	0.006087	0.004644	85179552
426	0.006104	0.004743	85592098
427	0.006108	0.004824	86059762
428	0.006165	0.004850	86532394
429	0.006142	0.004782	86994927
430	0.006157	0.004881	87457425
431	0.006212	0.004859	87904225
432	0.006190	0.004896	88353421
433	0.006240	0.004932	88833363
434	0.006224	0.004751	89239853
435	0.006253	0.004880	89677202
436	0.006264	0.004815	90099467
437	0.006287	0.004859	90540927
438	0.006291	0.004819	90946406
439	0.006339	0.004760	91368609
440	0.006327	0.004846	91800760
441	0.006346	0.004889	92223070
442	0.006355	0.004955	92686125
443	0.006462	0.004858	93095094
444	0.006457	0.004844	93501623
445	0.006442	0.004995	93989236
446	0.006424	0.004954	94428126
447	0.006436	0.004976	94885851
448	0.006475	0.005002	95316502
449	0.006452	0.005003	95761957
450	0.006498	0.005052	96217647
451	0.006488	0.005061	96683518
452	0.006496	0.005127	97152299
453	0.006546	0.004982	97587899
454	0.006535	0.005143	98107455
455	0.006574	0.005075	98581307
456	0.006600	0.005089	99024323
457	0.006671	0.005084	99488164
458	0.006601	0.005015	99906155
459	0.006608	0.005092	100385260
460	0.006737	0.005185	100848110
461	0.006644	0.005063	101268595
462	0.006658	0.005166	101731750
463	0.006677	0.005089	102173745
464	0.006695	0.005186	102655097
465	0.006706	0.005096	103110689
466	0.006749	0.005165	103579937
467	0.006736	0.005092	104007443
468	0.006738	0.005297	104486252
469	0.006822	0.005184	104926237
470	0.006779	0.005234	105373821
471	0.006787	0.005281	105821505
472	0.006831	0.005283	106273109
473	0.006887	0.005265	106752754
474	0.006854	0.005331	107199439
475	0.006934	0.005251	107637865
476	0.006923	0.005293	108129624
477	0.007024	0.005484	108624859
478	0.007069	0.005489	109130864
479	0.007042	0.005388	109621169
480	0.007059	0.005401	110079223
481	0.007119	0.005491	110570631
482	0.007079	0.005588	111100037
483	0.007087	0.005472	111576558
484	0.006998	0.005419	112031493
485	0.007001	0.005399	112500851
486	0.006982	0.005515	113034553
487	0.007001	0.005390	113482665
488	0.007063	0.005455	113965767
489	0.007032	0.005475	114454880
490	0.007012	0.005459	114938567
491	0.007062	0.005480	115404169
492	0.007104	0.005537	115975198
493	0.007071	0.005521	116482456
494	0.007094	0.005407	116931118
495	0.007116	0.005493	117389110
496	0.007138	0.005728	117895369
497	0.007191	0.005575	118424053
498	0.007175	0.005556	118931247
499	0.007185	0.005593	119413722
500	0.007216	0.005602	119916457
501	0.007230	0.005695	120493147
502	0.007247	0.005724	121039152
503	0.007269	0.005675	121563852
504	0.007297	0.005614	122061716
505	0.007311	0.005776	122629489
506	0.007323	0.005703	123141099
507	0.007372	0.005676	123682967
508	0.007391	0.005630	124196748
509	0.007453	0.005664	124673059
510	0.007414	0.005713	125199867
511	0.007402	0.005804	125733052
512	0.007408	0.005847	126228135
513	0.007523	0.005790	126717448
514	0.007535	0.005779	127207303
515	0.007495	0.005781	127689660
516	0.007477	0.005859	128232411
517	0.007521	0.005730	128706710
518	0.007520	0.005686	129198865
519	0.007540	0.005888	129708784
520	0.007555	0.005908	130221317
521	0.007632	0.005982	130821082
522	0.007614	0.005768	131302057
523	0.007605	0.005825	131793644
524	0.007623	0.005853	132298539
525	0.007642	0.005912	132825351
526	0.007648	0.005894	133354322
527	0.007661	0.005965	133868095
528	0.007673	0.005933	134399037
529	0.007680	0.005936	134908684
530	0.007693	0.005895	135399514
531	0.007763	0.005821	135892357
532	0.007710	0.005951	136422102
533	0.007781	0.005939	136929911
534	0.007766	0.005981	137435407
535	0.007767	0.005980	137964820
536	0.007806	0.006038	138529802
537	0.008009	0.006111	139069191
538	0.007853	0.006077	139587086
539	0.007869	0.005951	140100221
540	0.007917	0.006035	140627405
541	0.007929	0.006075	141117760
542	0.007895	0.006138	141681186
543	0.007902	0.006166	142231808
544	0.007921	0.006141	142778253
545	0.007967	0.006188	143279508
546	0.008031	0.006150	143817151
547	0.008037	0.006152	144360910
548	0.008025	0.006140	144873161
549	0.008010	0.006189	145402878
550	0.008027	0.006232	145990703
551	0.008090	0.006244	146554490
552	0.008065	0.006174	147119750
553	0.008073	0.006271	147690395
554	0.008098	0.006224	148217632
555	0.008344	0.006432	148775340
556	0.008269	0.006282	149322071
557	0.008210	0.006277	149823249
558	0.008226	0.006428	150396470
559	0.008257	0.006321	150930760
560	0.008204	0.006341	151505990
561	0.008367	0.006488	152074413
562	0.008386	0.006462	152603605
563	0.008388	0.006434	153165764
564	0.008404	0.006428	153704761
565	0.008421	0.006474	154232393
566	0.008425	0.006660	154854683
567	0.008382	0.006592	155487490
568	0.008338	0.006378	156033169
569	0.008380	0.006511	156624386
570	0.008284	0.006379	157183712
571	0.008304	0.006499	157785608
572	0.008338	0.006430	158385502
573	0.008357	0.006489	158935373
574	0.008336	0.006530	159531779
575	0.008360	0.006565	160127274
576	0.008451	0.006542	160697755
577	0.008428	0.006525	161270398
578	0.008484	0.006419	161826096
579	0.008446	0.006490	162384217
580	0.008500	0.006777	163023630
581	0.008522	0.006798	163696961
582	0.008560	0.006642	164342296
583	0.008553	0.006573	164900342
584	0.008544	0.006656	165502334
585	0.008560	0.006674	166087390
586	0.008573	0.006714	166678190
587	0.008590	0.006730	167313725
588	0.008613	0.006780	167930707
589	0.008723	0.006633	168520095
590	0.008652	0.006653	169128282
591	0.008691	0.006599	169689501
592	0.008703	0.006557	170276393
593	0.008732	0.006786	170886565
594	0.008741	0.006663	171496239
595	0.008789	0.006730	172048198
596	0.008835	0.006860	172694913
597	0.008870	0.006885	173309659
598	0.008789	0.006687	173892873
599	0.008867	0.006754	174510102
600	0.008882	0.006838	175104142
601	0.008870	0.006778	175706371
602	0.008884	0.006880	176303550
603	0.008874	0.006700	176863689
604	0.008880	0.006895	177508516
605	0.008928	0.006874	178169954
606	0.009056	0.006926	178823302
607	0.008991	0.006750	179401644
608	0.008955	0.006894	180027467
609	0.009192	0.006913	180638000
610	0.009076	0.006937	181257679
611	0.009101	0.006952	181838355
612	0.009040	0.007013	182472227
613	0.009055	0.006963	183095527
614	0.009236	0.006958	183666641
615	0.009239	0.007149	184284066
616	0.009262	0.007136	184940191
617	0.009276	0.007153	185573112
618	0.009290	0.007073	186156647
619	0.009206	0.007254	186820757
620	0.009178	0.007031	187482103
621	0.009172	0.007048	188118964
622	0.009176	0.007149	188787329
623	0.009194	0.006956	189401714
624	0.009218	0.007095	190060691
625	0.009236	0.007040	190720019
626	0.009249	0.007149	191319686
627	0.009291	0.007155	191939717
628	0.009279	0.007085	192540602
629	0.009315	0.007263	193212051
630	0.009269	0.007105	193834316
631	0.009287	0.007039	194414657
632	0.009329	0.007277	195072529
633	0.009307	0.007203	195728181
634	0.009360	0.007227	196375903
635	0.009374	0.007273	197063220
636	0.009385	0.007352	197748367
637	0.009942	0.007390	198413585
638	0.009588	0.007359	199059546
639	0.009602	0.007440	199697410
640	0.009615	0.007259	200306575
641	0.009645	0.007493	200984529
642	0.009684	0.007533	201638794
643	0.009653	0.007525	202334161
644	0.009661	0.007466	202980929
645	0.009670	0.007509	203622059
646	0.009689	0.007599	204329085
647	0.009696	0.007478	204963827
648	0.009566	0.007390	205577197
649	0.009541	0.007401	206227686
650	0.009586	0.007257	206856203
651	0.009532	0.007477	207508255
652	0.009550	0.007368	208144101
653	0.009591	0.007332	208770183
654	0.009610	0.007356	209460378
655	0.009595	0.007497	210119557
656	0.009614	0.007388	210721113
657	0.009676	0.007398	211350267
658	0.009688	0.007526	212037719
659	0.009677	0.007497	212696003
660	0.009732	0.007389	213360207
661	0.009720	0.007544	214036247
662	0.009875	0.007639	214756924
663	0.009817	0.007589	215467331
664	0.009772	0.007509	216112659
665	0.009855	0.007715	216753812
666	0.009871	0.007695	217414500
667	0.009882	0.007678	218118575
668	0.009972	0.007654	218795321
669	0.009901	0.007906	219528483
670	0.010015	0.007564	220184593
671	0.010055	0.007799	220861387
672	0.010147	0.007803	221524123
673	0.010165	0.007814	222166049
674	0.010167	0.008059	222908730
675	0.010191	0.007864	223566900
676	0.010077	0.007684	224234293
677	0.010047	0.007751	224955969
678	0.010034	0.007728	225643860
679	0.010049	0.007740	226329933
680	0.010105	0.007997	227069741
681	0.010122	0.007707	227748536
682	0.010118	0.007714	228410447
683	0.010158	0.007759	229072443
684	0.010140	0.007720	229750088
685	0.010335	0.007994	230427185
686	0.010224	0.008022	231198535
687	0.010222	0.008020	231899084
688	0.010444	0.008370	232661683
689	0.010418	0.008134	233397406
690	0.010475	0.008059	234145749
691	0.010483	0.008260	234943110
692	0.010504	0.008054	235629347
693	0.010525	0.007906	236291582
694	0.010366	0.007949	236963894
695	0.010386	0.007850	237648973
696	0.010398	0.008203	238480534
697	0.010423	0.007818	239116051
698	0.010418	0.007992	239840337
699	0.010432	0.008092	240551496
700	0.010430	0.008172	241380164
701	0.010470	0.008068	242117347
702	0.010479	0.007945	242805356
703	0.010500	0.008043	243465490
704	0.010528	0.008194	244214490
705	0.010571	0.008124	244982763
706	0.010670	0.008084	245718548
707	0.010618	0.008368	246471173
708	0.010583	0.008207	247227098
709	0.010649	0.008256	247963037
710	0.010688	0.008243	248710331
711	0.010650	0.008316	249454026
712	0.010650	0.008246	250207538
713	0.010629	0.008112	250902735
714	0.010671	0.008228	251619078
715	0.010700	0.008161	252346673
716	0.010730	0.008168	253069763
717	0.010719	0.008247	253775444
718	0.010742	0.008333	254551980
719	0.010817	0.008292	255290425
720	0.010827	0.008283	256036143
721	0.010772	0.008461	256796478
722	0.010859	0.008360	257558727
723	0.010838	0.008307	258289387
724	0.010835	0.008456	259024132
725	0.010881	0.008331	259764621
726	0.010872	0.008424	260489244
727	0.010882	0.008193	261206737
728	0.010889	0.008363	261902837
729	0.010908	0.008211	262608858
730	0.010919	0.008465	263351837
731	0.011001	0.008462	264090205
732	0.010948	0.008374	264852899
733	0.010985	0.008389	265610460
734	0.010966	0.008432	266372676
735	0.010995	0.008514	267154763
736	0.010956	0.008543	267945906
737	0.010996	0.008564	268682616
738	0.011011	0.008538	269407326
739	0.011017	0.008355	270117570
740	0.011043	0.008420	270872013
741	0.011057	0.008571	271684363
742	0.011097	0.008523	272473925
743	0.011100	0.008413	273196212
744	0.011092	0.008449	273916954
745	0.011173	0.008556	274668316
746	0.011143	0.008698	275465549
747	0.011216	0.008921	276303447
748	0.011203	0.008686	277076619
749	0.011193	0.008553	277834838
750	0.011215	0.008683	278570340
751	0.011285	0.008984	279387938
752	0.011418	0.008782	280147339
753	0.011326	0.008864	280921230
754	0.011276	0.008666	281714407
755	0.011300	0.008700	282492492
756	0.011319	0.008925	283353126
757	0.011326	0.008666	284130667
758	0.011335	0.008795	284911870
759	0.011325	0.008818	285734837
760	0.011418	0.008989	286585835
761	0.011460	0.008858	287422108
762	0.011429	0.008801	288193234
763	0.011456	0.008773	289004857
764	0.011474	0.008843	289833294
765	0.011467	0.008656	290634297
766	0.011528	0.008889	291388465
767	0.011525	0.008792	292207754
768	0.011544	0.008860	293041793
769	0.011624	0.008933	293799467
770	0.011545	0.008928	294570650
771	0.011694	0.008962	295393749
772	0.011718	0.008977	296199685
773	0.011641	0.009059	297036400
774	0.011626	0.008878	297796709
775	0.011636	0.008953	298630964
776	0.011725	0.009044	299431129
777	0.011798	0.009047	300200628
778	0.011764	0.008982	300986911
779	0.011690	0.009035	301787803
780	0.011714	0.009051	302617285
781	0.011726	0.008984	303392871
782	0.011752	0.009162	304235828
783	0.011745	0.009022	305058422
784	0.011769	0.008982	305877121
785	0.011837	0.009047	306690216
786	0.011826	0.009087	307478291
787	0.011816	0.009099	308313612
788	0.011831	0.008987	309075626
789	0.011870	0.009154	309888590
790	0.011847	0.009059	310667025
791	0.012126	0.009298	311486882
792	0.012047	0.009271	312275501
793	0.012271	0.009476	313150228
794	0.012170	0.009308	313973805
795	0.012166	0.009725	314825318
796	0.012182	0.009453	315673926
797	0.012196	0.009488	316572730
798	0.012199	0.009466	317408239
799	0.012226	0.009554	318308039
800	0.012059	0.009529	319220184
801	0.012038	0.009395	320068842
802	0.012096	0.009562	320820257
803	0.012061	0.009331	321690366
804	0.012123	0.009333	322556499
805	0.012088	0.009337	323397138
806	0.012137	0.009232	324187265
807	0.012086	0.009464	325022486
808	0.012143	0.009266	325808960
809	0.012102	0.009579	326696017
810	0.012181	0.009371	327540032
811	0.012182	0.009655	328433643
812	0.012192	0.009578	329306172
813	0.012228	0.009725	330190001
814	0.012212	0.009480	330998083
815	0.012222	0.009598	331795998
816	0.012227	0.009519	332667024
817	0.012299	0.009724	333513507
818	0.012265	0.009533	334402689
819	0.012214	0.009739	335381169
820	0.012239	0.009755	336273238
821	0.012264	0.009675	337165331
822	0.012289	0.009789	338062593
823	0.012322	0.009437	338868026
824	0.012352	0.009679	339779522
825	0.012410	0.009681	340639486
826	0.012353	0.009602	341532107
827	0.012378	0.009650	342368551
828	0.012429	0.009627	343209452
829	0.012472	0.009565	344052418
830	0.012519	0.009903	344913071
831	0.012444	0.009575	345757606
832	0.012473	0.009828	346632719
833	0.012609	0.009892	347530997
834	0.012828	0.009842	348370514
835	0.012809	0.010021	349275994
836	0.012861	0.010014	350128545
837	0.012833	0.009911	350948564
838	0.012829	0.010050	351823494
839	0.012846	0.009930	352641216
840	0.012863	0.010033	353534358
841	0.012890	0.010035	354412192
842	0.012914	0.010060	355298845
843	0.012925	0.010225	356190074
844	0.012799	0.009991	357061931
845	0.012714	0.009779	357945555
846	0.012761	0.010073	358843293
847	0.012758	0.009668	359685295
848	0.012802	0.009801	360632694
849	0.012818	0.009994	361610511
850	0.012838	0.009818	362463929
851	0.012815	0.009931	363341508
852	0.013008	0.009881	364188136
853	0.012919	0.009811	365030087
854	0.012881	0.009806	365900825
855	0.012912	0.010077	366732351
856	0.012918	0.009966	367628732
857	0.012929	0.010224	368590656
858	0.013002	0.010001	369427024
859	0.012961	0.010013	370338493
860	0.013032	0.009960	371195451
861	0.013019	0.010000	372118315
862	0.013047	0.010006	372964706
863	0.013028	0.010021	373894973
864	0.013059	0.010213	374847952
865	0.013087	0.010350	375775745
866	0.013345	0.010745	376648540
867	0.013130	0.010183	377544398
868	0.013124	0.010284	378428628
869	0.013392	0.010470	379393417
870	0.013421	0.010625	380396113
871	0.013432	0.010522	381396248
872	0.013267	0.010354	382351210
873	0.013195	0.010374	383418932
874	0.013210	0.010301	384362313
875	0.013232	0.010325	385299315
876	0.013256	0.010025	386158557
877	0.013300	0.010384	387116944
878	0.013317	0.010355	388106013
879	0.013356	0.010381	389043091
880	0.013382	0.010324	389923993
881	0.013528	0.010298	390796726
882	0.013404	0.010434	391705798
883	0.013398	0.010400	392640606
884	0.013440	0.010340	393568067
885	0.013417	0.010220	394454665
886	0.013526	0.010298	395285881
887	0.013501	0.010396	396149050
888	0.013450	0.010465	397150794
889	0.013451	0.010480	398089266
890	0.013504	0.010293	398989974
891	0.013508	0.010358	399891923
892	0.013507	0.010578	400902524
893	0.013530	0.010424	401855110
894	0.013558	0.010432	402826099
895	0.013576	0.010381	403729974
896	0.013648	0.010326	404636613
897	0.013597	0.010445	405581940
898	0.013580	0.010445	406542286
899	0.013595	0.010514	407534842
900	0.013713	0.010832	408593237
901	0.013786	0.010675	409541046
902	0.013704	0.010670	410476844
903	0.013954	0.010880	411490386
904	0.013958	0.010737	412404716
905	0.013979	0.010786	413358117
906	0.013806	0.010718	414344608
907	0.013737	0.011187	415534577
908	0.013852	0.010852	416458385
909	0.013779	0.010473	417425950
910	0.013850	0.010720	418387135
911	0.013816	0.010661	419307610
912	0.013860	0.010834	420313615
913	0.013911	0.010720	421311169
914	0.013899	0.010771	422245565
915	0.013884	0.010581	423184107
916	0.013929	0.010892	424172269
917	0.013909	0.010751	425110694
918	0.013923	0.010902	426132311
919	0.013950	0.010911	427172614
920	0.014011	0.011010	428137394
921	0.014064	0.010952	429092043
922	0.014128	0.011156	430112560
923	0.014295	0.011091	431106644
924	0.014304	0.011123	432057638
925	0.014330	0.010896	432969400
926	0.014176	0.010771	433903001
927	0.014108	0.010821	434857134
928	0.014090	0.011216	435966308
929	0.014125	0.011182	437007603
930	0.014119	0.010900	437955062
931	0.014217	0.010994	438894611
932	0.014179	0.011049	439946380
933	0.014187	0.011044	440971788
934	0.014191	0.010931	441919412
935	0.014194	0.010913	442842701
936	0.014199	0.011100	443877204
937	0.014323	0.010965	444900985
938	0.014304	0.011101	445962038
939	0.014372	0.011279	446946377
940	0.014296	0.011084	447921198
941	0.014325	0.011053	448885161
942	0.014288	0.010966	449860629
943	0.014297	0.011084	450776588
944	0.014342	0.011173	451803048
945	0.014355	0.011049	452724841
946	0.014355	0.011130	453720116
947	0.014381	0.011287	454806080
948	0.014498	0.010925	455764032
949	0.014429	0.011103	456700063
950	0.014447	0.011291	457696516
951	0.014451	0.011267	458737208
952	0.014481	0.011138	459673105
953	0.014521	0.011239	460769683
954	0.014452	0.011130	461711809
955	0.014484	0.011343	462719321
956	0.014503	0.011157	463729827
957	0.014542	0.011303	464745430
958	0.014578	0.011420	465794047
959	0.014610	0.011153	466740177
960	0.014583	0.011593	467828288
961	0.014570	0.011199	468804538
962	0.014594	0.011298	469788937
963	0.014637	0.011253	470762679
964	0.014663	0.011377	471690656
965	0.014624	0.011292	472675812
966	0.014643	0.011173	473652538
967	0.014679	0.011420	474672456
968	0.014664	0.011377	475673879
969	0.014771	0.011547	476741021
970	0.014752	0.012058	477883249
971	0.014677	0.011632	479034082
972	0.014702	0.011503	480034848
973	0.014719	0.011621	481088740
974	0.014744	0.011500	482087500
975	0.014743	0.011475	483111631
976	0.014775	0.011710	484237464
977	0.014804	0.011439	485187843
978	0.014830	0.011662	486247744
979	0.014825	0.011509	487296909
980	0.014767	0.011617	488333949
981	0.014835	0.011482	489308919
982	0.014798	0.011429	490339946
983	0.014848	0.011774	491338566
984	0.015240	0.011952	492493844
985	0.015478	0.011945	493559559
986	0.015219	0.011839	494599023
987	0.015317	0.012024	495699742
988	0.015268	0.011667	496752839
989	0.015001	0.011811	497819034
990	0.014992	0.011704	498817144
991	0.015004	0.011653	499913235
992	0.015014	0.011809	501019727
993	0.015038	0.011603	502106744
994	0.015050	0.011818	503172396
995	0.015165	0.011664	504167471
996	0.015156	0.011945	505266403
997	0.015188	0.011709	506369275
998	0.015134	0.011873	507475612
999	0.015304	0.011864	508536598
1000	0.015207	0.011975	509640331
