Block	MerSort	QuickSort	Swaps
1	0.000012	0.000008	363
2	0.000020	0.000014	1481
3	0.000034	0.000022	2665
4	0.000044	0.000030	4614
5	0.000055	0.000039	7253
6	0.000068	0.000046	10012
7	0.000081	0.000056	13496
8	0.000096	0.000064	17547
9	0.000106	0.000078	23127
10	0.000118	0.000088	29371
11	0.000136	0.000096	35690
12	0.000150	0.000107	43852
13	0.000158	0.000116	52251
14	0.000180	0.000122	61067
15	0.000191	0.000133	68692
16	0.000202	0.000144	79024
17	0.000214	0.000150	89083
18	0.000223	0.000161	100756
19	0.000242	0.000171	111995
20	0.000251	0.000179	123407
21	0.000266	0.000190	135935
22	0.000285	0.000199	151069
23	0.000293	0.000209	163649
24	0.000309	0.000224	179096
25	0.000322	0.000236	195028
26	0.000339	0.000247	211510
27	0.000359	0.000257	229521
28	0.000365	0.000264	246633
29	0.000381	0.000275	263953
30	0.000390	0.000292	287417
31	0.000404	0.000296	307632
32	0.000424	0.000314	329767
33	0.000436	0.000317	352657
34	0.000454	0.000327	375764
35	0.000467	0.000340	397508
36	0.000486	0.000355	421380
37	0.000501	0.000365	448819
38	0.000510	0.000367	474118
39	0.000547	0.000341	500412
40	0.000484	0.000349	525427
41	0.000490	0.000367	557276
42	0.000508	0.000375	583796
43	0.000525	0.000389	616643
44	0.000537	0.000407	653904
45	0.000550	0.000397	684423
46	0.000604	0.000412	717879
47	0.000574	0.000421	752059
48	0.000595	0.000431	782980
49	0.000660	0.000445	817529
50	0.000615	0.000466	855245
51	0.000625	0.000456	891560
52	0.000640	0.000485	933862
53	0.000657	0.000482	970484
54	0.000670	0.000535	1009533
55	0.000683	0.000516	1056661
56	0.000699	0.000511	1098559
57	0.000756	0.000522	1141278
58	0.000726	0.000534	1183019
59	0.000735	0.000586	1226648
60	0.000747	0.000549	1269494
61	0.000756	0.000579	1318171
62	0.000774	0.000587	1369032
63	0.000791	0.000592	1416423
64	0.000845	0.000587	1465279
65	0.000822	0.000604	1511998
66	0.000875	0.000621	1564405
67	0.000844	0.000635	1614663
68	0.000897	0.000630	1663120
69	0.000876	0.000720	1707560
70	0.000917	0.000737	1767367
71	0.000896	0.000672	1827132
72	0.000944	0.000674	1880743
73	0.000927	0.000697	1940504
74	0.000940	0.000695	1998981
75	0.000954	0.000710	2058847
76	0.000968	0.000707	2119236
77	0.000982	0.000721	2177678
78	0.000995	0.000745	2245880
79	0.001010	0.000768	2314755
80	0.001044	0.000789	2374850
81	0.001065	0.000780	2431211
82	0.001070	0.000809	2495250
83	0.001088	0.000794	2551401
84	0.001106	0.000822	2615304
85	0.001123	0.000845	2677975
86	0.001137	0.000869	2749522
87	0.001151	0.000866	2814855
88	0.001174	0.000894	2887968
89	0.001190	0.000924	2974133
90	0.001202	0.000908	3047792
91	0.001214	0.000899	3115371
92	0.001224	0.000895	3183918
93	0.001237	0.000934	3258328
94	0.001255	0.000924	3327631
95	0.001268	0.000944	3402244
96	0.001289	0.000948	3474032
97	0.001298	0.000973	3551336
98	0.001311	0.000968	3623237
99	0.001322	0.001004	3705116
100	0.001337	0.000982	3785934
101	0.001347	0.000992	3860468
102	0.001349	0.001029	3940905
103	0.001373	0.001009	4016309
104	0.001394	0.001050	4102255
105	0.001406	0.001098	4205243
106	0.001427	0.001075	4293062
107	0.001440	0.001096	4372701
108	0.001456	0.001090	4460838
109	0.001472	0.001100	4548561
110	0.001483	0.001133	4646235
111	0.001499	0.001117	4737876
112	0.001512	0.001156	4842718
113	0.001521	0.001146	4934104
114	0.001551	0.001154	5022046
115	0.001523	0.001117	5105515
116	0.001539	0.001164	5203815
117	0.001549	0.001167	5304717
118	0.001560	0.001167	5394006
119	0.001575	0.001209	5503051
120	0.001585	0.001186	5607986
121	0.001601	0.001213	5716014
122	0.001606	0.001192	5806797
123	0.001650	0.001234	5908351
124	0.001638	0.001230	6008886
125	0.001654	0.001238	6105449
126	0.001668	0.001259	6201305
127	0.001686	0.001259	6309978
128	0.001698	0.001269	6416485
129	0.001718	0.001292	6525252
130	0.001733	0.001290	6634724
131	0.001750	0.001301	6743041
132	0.001754	0.001310	6843380
133	0.001763	0.001339	6954057
134	0.001785	0.001328	7054896
135	0.001800	0.001346	7176760
136	0.001816	0.001349	7292413
137	0.001836	0.001380	7407120
138	0.001849	0.001374	7515901
139	0.001858	0.001416	7630417
140	0.001872	0.001401	7738412
141	0.001863	0.001429	7861039
142	0.001849	0.001409	7982946
143	0.001860	0.001428	8091877
144	0.001874	0.001391	8198170
145	0.001955	0.001426	8313914
146	0.001913	0.001437	8432717
147	0.001955	0.001498	8576902
148	0.002064	0.001492	8694187
149	0.002040	0.001542	8835457
150	0.001973	0.001469	8965331
151	0.001985	0.001498	9105433
152	0.002031	0.001571	9243092
153	0.002006	0.001566	9381577
154	0.002083	0.001531	9509605
155	0.002070	0.001549	9647695
156	0.002081	0.001549	9778637
157	0.002065	0.001562	9923355
158	0.002076	0.001583	10056474
159	0.002093	0.001583	10179808
160	0.002102	0.001604	10316923
161	0.002146	0.001604	10457607
162	0.002124	0.001618	10615322
163	0.002134	0.001620	10748304
164	0.002146	0.001651	10896682
165	0.002169	0.001658	11026789
166	0.002220	0.001636	11157396
167	0.002232	0.001645	11290351
168	0.002217	0.001702	11435927
169	0.002238	0.001732	11589043
170	0.002331	0.001660	11721888
171	0.002301	0.001695	11883783
172	0.002292	0.001729	12025487
173	0.002308	0.001712	12163311
174	0.002381	0.001734	12314413
175	0.002334	0.001769	12455924
176	0.002353	0.001756	12601681
177	0.002393	0.001821	12787593
178	0.002380	0.001793	12949392
179	0.002393	0.001800	13100364
180	0.002438	0.001836	13245104
181	0.002507	0.001893	13419395
182	0.002465	0.001851	13583484
183	0.002477	0.001893	13743860
184	0.002451	0.001856	13890759
185	0.002500	0.001845	14038537
186	0.002542	0.001871	14186368
187	0.002497	0.001881	14350194
188	0.002546	0.001890	14491511
189	0.002532	0.001971	14664454
190	0.002548	0.001936	14838406
191	0.002594	0.001939	14992176
192	0.002575	0.001993	15165360
193	0.002591	0.001948	15317369
194	0.002599	0.001968	15492411
195	0.002650	0.001945	15647503
196	0.002708	0.002221	15838508
197	0.003092	0.002242	16030317
198	0.002708	0.002099	16187591
199	0.002833	0.002349	16358134
200	0.002845	0.002087	16515198
201	0.002793	0.002142	16688628
202	0.002822	0.002105	16863149
203	0.002792	0.002119	17016577
204	0.002832	0.002170	17207600
205	0.002805	0.002246	17401167
206	0.002859	0.002175	17584576
207	0.002874	0.002179	17760308
208	0.002852	0.002185	17922706
209	0.002943	0.002397	18096212
210	0.002954	0.002217	18279096
211	0.002962	0.002249	18471331
212	0.003273	0.002232	18651463
213	0.002996	0.002231	18830546
214	0.002963	0.002222	19019348
215	0.002979	0.002240	19202822
216	0.002993	0.002294	19403932
217	0.003013	0.002300	19595581
218	0.003030	0.002261	19768694
219	0.003042	0.002304	19949608
220	0.003055	0.002326	20157400
221	0.003073	0.002314	20345425
222	0.003086	0.002356	20549710
223	0.003104	0.002311	20738978
224	0.003117	0.002322	20916863
225	0.003133	0.002434	21116022
226	0.003145	0.002421	21334417
227	0.003162	0.002386	21525896
228	0.003208	0.002396	21724294
229	0.003192	0.002394	21911533
230	0.003211	0.002393	22111210
231	0.003216	0.002442	22316566
232	0.003236	0.002417	22512578
233	0.003254	0.002555	22752293
234	0.003272	0.002453	22955412
235	0.003276	0.002448	23142185
236	0.003288	0.002510	23346075
237	0.003312	0.002535	23562354
238	0.003317	0.002492	23751915
239	0.003334	0.002530	23973701
240	0.003352	0.002510	24170228
241	0.003359	0.002602	24397351
242	0.003364	0.002526	24596286
243	0.003373	0.002578	24805086
244	0.003427	0.002550	25014030
245	0.003368	0.002536	25236456
246	0.003353	0.002537	25433751
247	0.003378	0.002534	25640626
248	0.003401	0.002541	25866198
249	0.003419	0.002625	26101479
250	0.003402	0.002549	26310605
251	0.003428	0.002623	26522458
252	0.003472	0.002615	26751367
253	0.003484	0.002586	26966650
254	0.003503	0.002618	27181538
255	0.003514	0.002621	27393537
256	0.003620	0.002752	27612387
257	0.003645	0.002745	27820100
258	0.003694	0.002793	28078892
259	0.003633	0.002717	28307743
260	0.003624	0.002737	28518662
261	0.003641	0.002797	28765475
262	0.003654	0.002768	28988635
263	0.003662	0.002790	29229399
264	0.003712	0.002871	29507537
265	0.003661	0.002768	29727409
266	0.003666	0.002872	29959737
267	0.003687	0.002849	30204938
268	0.003742	0.002903	30458044
269	0.003777	0.002894	30723976
270	0.003815	0.002930	30981948
271	0.003834	0.002937	31229872
272	0.003842	0.002905	31471497
273	0.003858	0.002980	31728829
274	0.003875	0.002964	31974602
275	0.003896	0.002973	32226901
276	0.003960	0.003053	32450922
277	0.003925	0.002947	32688900
278	0.004174	0.003033	32927519
279	0.003984	0.003086	33205623
280	0.003999	0.003050	33458816
281	0.004020	0.003057	33709175
282	0.004089	0.003027	33969468
283	0.004039	0.003094	34202651
284	0.004079	0.003061	34449181
285	0.004073	0.003335	34716569
286	0.004078	0.003093	34972070
287	0.004349	0.003319	35247863
288	0.004110	0.003196	35533202
289	0.004128	0.003122	35798102
290	0.004133	0.003204	36083791
291	0.004150	0.003177	36332556
292	0.004175	0.003115	36597695
293	0.004150	0.003154	36856318
294	0.004168	0.003130	37092970
295	0.004186	0.003240	37415719
296	0.004208	0.003228	37678532
297	0.004224	0.003194	37911480
298	0.004239	0.003186	38163284
299	0.004249	0.003221	38432794
300	0.004271	0.003213	38708505
301	0.004284	0.003239	38970757
302	0.004301	0.003278	39260160
303	0.004246	0.003380	39571711
304	0.004263	0.003236	39820734
305	0.004274	0.003243	40096592
306	0.004290	0.003262	40345559
307	0.004298	0.003250	40642803
308	0.004314	0.003276	40916287
309	0.004357	0.003443	41242420
310	0.004338	0.003283	41525614
311	0.004353	0.003402	41855764
312	0.004372	0.003308	42156449
313	0.004379	0.003334	42475282
314	0.004373	0.003300	42757894
315	0.004414	0.003327	43049861
316	0.004452	0.003346	43318326
317	0.004481	0.003384	43605304
318	0.004460	0.003346	43861725
319	0.004551	0.003428	44146343
320	0.004509	0.003457	44426821
321	0.004559	0.003490	44717752
322	0.004594	0.003464	44995990
323	0.004590	0.003538	45310365
324	0.004592	0.003499	45601595
325	0.004610	0.003476	45872771
326	0.004632	0.003486	46153985
327	0.004628	0.003584	46479836
328	0.004640	0.003677	46815652
329	0.004678	0.003568	47099673
330	0.004705	0.003566	47408062
331	0.004724	0.003671	47722113
332	0.004734	0.003688	48041424
333	0.004770	0.003625	48350044
334	0.004686	0.003589	48666844
335	0.004712	0.003522	48947581
336	0.004730	0.003675	49280189
337	0.004714	0.003571	49580087
338	0.004763	0.003592	49890964
339	0.004778	0.003605	50196952
340	0.004790	0.003636	50539484
341	0.004812	0.003687	50862398
342	0.004828	0.003646	51203260
343	0.004898	0.003642	51527304
344	0.004915	0.003736	51828285
345	0.004887	0.003781	52172622
346	0.004935	0.003696	52512965
347	0.004915	0.003712	52854281
348	0.004930	0.003732	53150833
349	0.004983	0.003834	53475160
350	0.005083	0.003774	53802947
351	0.005028	0.003785	54112175
352	0.005094	0.003852	54413005
353	0.005116	0.003872	54762005
354	0.005128	0.003890	55102307
355	0.005138	0.003900	55437853
356	0.005157	0.003904	55754916
357	0.005160	0.003966	56065190
358	0.005174	0.003993	56407446
359	0.005199	0.004056	56769853
360	0.005200	0.003815	57081611
361	0.005163	0.003996	57457173
362	0.005220	0.003908	57812747
363	0.005230	0.003987	58173405
364	0.005239	0.003927	58496636
365	0.005201	0.003993	58840733
366	0.005216	0.003922	59160938
367	0.005206	0.003961	59492233
368	0.005273	0.004127	59837378
369	0.005326	0.004092	60208056
370	0.005349	0.004095	60545873
371	0.005725	0.004148	60877969
372	0.005425	0.004438	61182065
373	0.005431	0.004129	61508474
374	0.005512	0.004433	61881984
375	0.005495	0.004136	62241794
376	0.005481	0.004144	62581595
377	0.005511	0.004247	62910209
378	0.005609	0.004308	63283926
379	0.005631	0.004409	63710251
380	0.005660	0.004348	64073624
381	0.005680	0.004303	64408866
382	0.005699	0.004321	64756094
383	0.005714	0.004302	65107442
384	0.005724	0.004335	65451571
385	0.005718	0.004297	65819645
386	0.005609	0.004280	66172676
387	0.005625	0.004333	66538092
388	0.005632	0.004261	66898637
389	0.005645	0.004245	67247239
390	0.005659	0.004298	67616569
391	0.005681	0.004328	67969259
392	0.005694	0.004340	68358964
393	0.005690	0.004226	68733080
394	0.005689	0.004254	69087378
395	0.005716	0.004305	69437076
396	0.005678	0.004393	69826515
397	0.005666	0.004272	70179660
398	0.005706	0.004341	70550018
399	0.005688	0.004338	70922900
400	0.005700	0.004450	71352462
401	0.005710	0.004422	71705499
402	0.005814	0.004620	72151012
403	0.005885	0.004495	72535912
404	0.005818	0.004587	72924882
405	0.005828	0.004492	73335264
406	0.005782	0.004731	73807119
407	0.005952	0.004463	74188316
408	0.005868	0.004629	74548582
409	0.006101	0.004735	74944189
410	0.006104	0.004782	75357048
411	0.006106	0.004651	75735927
412	0.006120	0.004622	76115498
413	0.006141	0.004722	76526413
414	0.006157	0.004686	76882494
415	0.006179	0.004874	77326784
416	0.006196	0.004786	77707665
417	0.006213	0.004731	78113769
418	0.006231	0.004734	78486099
419	0.006247	0.004814	78857773
420	0.006267	0.004830	79241390
421	0.006279	0.004781	79632344
422	0.006312	0.004813	80042585
423	0.006331	0.004707	80429603
424	0.006064	0.004577	80804155
425	0.006110	0.004730	81220163
426	0.006096	0.004737	81636061
427	0.006226	0.004689	82029700
428	0.006170	0.004701	82422879
429	0.006241	0.004766	82797399
430	0.006208	0.004808	83181402
431	0.006320	0.004940	83615018
432	0.006348	0.004770	84021414
433	0.006369	0.004925	84444771
434	0.006423	0.004919	84868269
435	0.006561	0.005004	85295828
436	0.006503	0.005252	85705584
437	0.006487	0.005026	86148589
438	0.006467	0.005044	86579257
439	0.006508	0.004994	86958881
440	0.006490	0.005026	87380997
441	0.006577	0.004914	87815051
442	0.006786	0.004949	88233831
443	0.006801	0.005325	88628447
444	0.006610	0.005156	89119138
445	0.006707	0.005123	89547871
446	0.006714	0.005165	89998949
447	0.006737	0.005133	90447328
448	0.006746	0.005225	90878379
449	0.006755	0.005141	91295149
450	0.006766	0.005206	91755868
451	0.006776	0.005113	92194666
452	0.006668	0.005047	92600763
453	0.006669	0.005062	93008532
454	0.006700	0.005062	93420265
455	0.006682	0.005089	93840974
456	0.006699	0.005116	94292397
457	0.006724	0.005136	94708910
458	0.006738	0.005102	95110448
459	0.006750	0.005129	95536806
460	0.006801	0.005149	96006938
461	0.006848	0.005125	96414925
462	0.006827	0.005219	96842737
463	0.006805	0.005288	97305361
464	0.006861	0.005255	97762680
465	0.006909	0.005218	98211377
466	0.006929	0.005313	98697895
467	0.006869	0.005295	99159040
468	0.006885	0.005476	99671311
469	0.006901	0.005344	100158189
470	0.006943	0.005323	100615614
471	0.006948	0.005244	101055276
472	0.006973	0.005300	101499340
473	0.006959	0.005364	101945145
474	0.007025	0.005441	102388068
475	0.007033	0.005300	102805432
476	0.007001	0.005329	103235562
477	0.007015	0.005370	103671346
478	0.007034	0.005404	104112339
479	0.007047	0.005451	104643483
480	0.007067	0.005444	105101267
481	0.007121	0.005428	105536376
482	0.007153	0.005463	105958775
483	0.007175	0.005447	106373934
484	0.007183	0.005523	106840890
485	0.007189	0.005449	107274014
486	0.007199	0.005746	107798722
487	0.007178	0.005586	108301686
488	0.007147	0.005479	108728077
489	0.007157	0.005438	109171488
490	0.007174	0.005487	109650010
491	0.007030	0.005330	110088557
492	0.007109	0.005683	110552340
493	0.007162	0.005529	111002571
494	0.007156	0.005561	111522826
495	0.007188	0.005566	111984440
496	0.007167	0.005577	112443794
497	0.007249	0.005667	112917936
498	0.007320	0.005588	113392458
499	0.007336	0.005603	113858834
500	0.007358	0.005682	114333572
501	0.007373	0.005672	114814682
502	0.007431	0.005736	115317469
503	0.007486	0.005654	115783022
504	0.007438	0.005835	116323014
505	0.007465	0.005632	116780502
506	0.007481	0.005659	117263369
507	0.007543	0.005737	117755549
508	0.007517	0.005737	118244624
509	0.007523	0.005736	118700115
510	0.007541	0.005861	119168248
511	0.007553	0.005714	119664147
512	0.007570	0.005744	120140426
513	0.007587	0.005757	120612223
514	0.007609	0.005788	121084824
515	0.007615	0.005789	121551834
516	0.007593	0.005717	122050686
517	0.007687	0.005734	122566355
518	0.007668	0.005690	123063400
519	0.007655	0.005760	123536663
520	0.007590	0.005925	124057418
521	0.007576	0.005935	124562380
522	0.007746	0.005848	125058570
523	0.007759	0.005934	125563402
524	0.007785	0.005917	126095241
525	0.007826	0.006000	126642821
526	0.007805	0.006089	127155157
527	0.007821	0.006087	127692720
528	0.007821	0.005986	128179810
529	0.007834	0.005906	128672027
530	0.007843	0.006007	129159448
531	0.007854	0.006093	129691799
532	0.007860	0.006082	130262066
533	0.007789	0.005899	130754048
534	0.007809	0.006039	131257591
535	0.007786	0.005943	131758093
536	0.007793	0.005908	132248914
537	0.007827	0.006079	132781510
538	0.007868	0.006022	133321526
539	0.007897	0.006131	133874863
540	0.007881	0.006075	134386526
541	0.007903	0.006238	134929209
542	0.008007	0.006053	135485954
543	0.007996	0.006204	136008826
544	0.008007	0.006324	136586146
545	0.008277	0.006226	137108257
546	0.008190	0.006172	137618514
547	0.008158	0.006225	138142155
548	0.008162	0.006281	138681436
549	0.008185	0.006210	139169362
550	0.008200	0.006327	139692261
551	0.008221	0.006235	140206320
552	0.008254	0.006264	140690390
553	0.008261	0.006389	141256188
554	0.008320	0.006366	141795506
555	0.008335	0.006390	142322356
556	0.008316	0.006258	142853533
557	0.008290	0.006283	143363854
558	0.008299	0.006611	143905479
559	0.008378	0.006365	144415116
560	0.008420	0.006355	144941274
561	0.008370	0.006416	145510875
562	0.008374	0.006367	146011893
563	0.008398	0.006428	146532335
564	0.008412	0.006330	147029480
565	0.008427	0.006404	147559876
566	0.008425	0.006520	148181708
567	0.008284	0.006293	148731003
568	0.008317	0.006350	149286302
569	0.008278	0.006501	149852588
570	0.008294	0.006312	150369972
571	0.008302	0.006420	150890126
572	0.008351	0.006324	151433846
573	0.008337	0.006430	151980368
574	0.008393	0.006563	152566341
575	0.008350	0.006475	153163021
576	0.008378	0.006625	153745900
577	0.008426	0.006435	154295212
578	0.008416	0.006469	154837231
579	0.008442	0.006629	155449979
580	0.008514	0.006658	156084679
581	0.008472	0.006625	156674306
582	0.008530	0.006554	157239058
583	0.008552	0.006544	157800725
584	0.008629	0.006606	158430026
585	0.008722	0.006613	159001736
586	0.008578	0.006576	159546324
587	0.008601	0.006701	160142159
588	0.008740	0.006818	160731263
589	0.008827	0.006726	161291537
590	0.008833	0.006762	161859388
591	0.008852	0.006773	162491839
592	0.008875	0.006784	163041462
593	0.008910	0.006643	163603692
594	0.008710	0.006607	164157975
595	0.008846	0.006917	164822772
596	0.008829	0.006784	165383621
597	0.008861	0.006754	165978702
598	0.008875	0.006809	166551798
599	0.008992	0.006841	167141666
600	0.009008	0.006849	167706827
601	0.009024	0.006999	168332670
602	0.009038	0.006829	168907933
603	0.009052	0.006890	169484008
604	0.008905	0.006730	170050496
605	0.008971	0.006952	170611399
606	0.008908	0.006755	171185166
607	0.008929	0.007076	171815530
608	0.008939	0.006934	172440337
609	0.008974	0.006871	173015738
610	0.008993	0.006901	173613818
611	0.008973	0.006908	174215247
612	0.008978	0.006868	174827133
613	0.008999	0.006935	175392112
614	0.009217	0.006907	175956058
615	0.009159	0.007058	176595733
616	0.009051	0.006957	177214107
617	0.009068	0.006974	177781898
618	0.009085	0.007177	178443999
619	0.009093	0.007002	179067791
620	0.009115	0.006914	179629547
621	0.009155	0.007026	180235832
622	0.009188	0.007227	180922417
623	0.009196	0.007185	181539622
624	0.009177	0.007000	182114363
625	0.009263	0.007041	182750694
626	0.009239	0.006996	183336680
627	0.009227	0.007191	184019004
628	0.009232	0.007152	184631238
629	0.009241	0.007079	185227053
630	0.009270	0.007204	185858166
631	0.009282	0.006996	186440161
632	0.009295	0.007146	187080168
633	0.009338	0.007068	187667520
634	0.009369	0.007033	188241636
635	0.009415	0.007216	188952501
636	0.009390	0.007200	189599832
637	0.009484	0.007187	190183713
638	0.009389	0.007218	190786390
639	0.009391	0.007136	191405074
640	0.009406	0.007119	191983530
641	0.009489	0.007300	192571895
642	0.009539	0.007270	193263234
643	0.009598	0.007408	193901251
644	0.009659	0.007405	194581932
645	0.009678	0.007480	195239047
646	0.009678	0.007355	195839273
647	0.009753	0.007635	196513523
648	0.009602	0.007215	197115552
649	0.009517	0.007217	197720753
650	0.009507	0.007385	198327513
651	0.009559	0.007559	199026322
652	0.009579	0.007409	199618045
653	0.009576	0.007293	200229328
654	0.009612	0.007372	200832374
655	0.009576	0.007356	201438914
656	0.009680	0.007386	202061977
657	0.009627	0.007505	202728523
658	0.009665	0.007402	203351025
659	0.009685	0.007384	203947337
660	0.009715	0.007494	204579942
661	0.009694	0.007474	205209910
662	0.009784	0.007459	205846744
663	0.009763	0.007549	206480951
664	0.009793	0.007596	207147968
665	0.009839	0.007485	207834186
666	0.009828	0.007571	208462980
667	0.009884	0.007530	209126776
668	0.009900	0.007538	209759571
669	0.009942	0.007593	210421366
670	0.009936	0.007597	211095267
671	0.009921	0.007705	211792038
672	0.010033	0.007720	212490773
673	0.009967	0.007787	213216720
674	0.009968	0.007725	213907239
675	0.009965	0.007695	214599662
676	0.010028	0.007587	215223175
677	0.010068	0.007614	215870682
678	0.010023	0.007720	216549639
679	0.010068	0.007708	217247090
680	0.010063	0.007881	217971067
681	0.010146	0.007674	218679783
682	0.010264	0.007838	219358921
683	0.010112	0.007741	220025067
684	0.010199	0.007766	220726753
685	0.010195	0.007732	221390698
686	0.010202	0.007800	222038414
687	0.010183	0.007808	222696566
688	0.010241	0.008060	223389326
689	0.010359	0.008009	224068103
690	0.010312	0.007996	224812006
691	0.010348	0.007790	225488834
692	0.010306	0.007757	226105287
693	0.010346	0.007901	226730977
694	0.010319	0.007863	227416552
695	0.010314	0.007854	228046199
696	0.010359	0.007904	228821291
697	0.010371	0.008015	229540954
698	0.010417	0.007975	230190026
699	0.010432	0.007952	230868098
700	0.010510	0.007865	231513522
701	0.011108	0.008240	232208748
702	0.010510	0.007941	232907029
703	0.010700	0.008177	233575876
704	0.010722	0.008122	234264641
705	0.010732	0.008289	235015981
706	0.010753	0.008174	235722146
707	0.010653	0.007971	236384352
708	0.010539	0.008144	237112448
709	0.010632	0.007958	237756827
710	0.010638	0.008269	238471249
711	0.010683	0.008107	239151217
712	0.010626	0.008086	239895315
713	0.010677	0.008183	240584775
714	0.010707	0.008110	241273038
715	0.010694	0.008079	241989529
716	0.010739	0.008209	242721432
717	0.010786	0.008275	243429642
718	0.010707	0.008163	244109060
719	0.010749	0.008244	244833838
720	0.010728	0.008225	245526761
721	0.010840	0.008189	246199663
722	0.010841	0.008238	246901576
723	0.010889	0.008168	247607983
724	0.010828	0.008300	248332421
725	0.010925	0.008425	249015191
726	0.010953	0.008196	249665114
727	0.010862	0.008268	250387526
728	0.010851	0.008307	251103959
729	0.010865	0.008303	251795279
730	0.010923	0.008296	252487277
731	0.010888	0.008328	253278947
732	0.010893	0.008422	253999260
733	0.010947	0.008375	254736164
734	0.011004	0.008337	255494221
735	0.010959	0.008250	256172311
736	0.011149	0.008282	256901171
737	0.010977	0.008536	257716601
738	0.010983	0.008391	258425214
739	0.011013	0.008425	259163725
740	0.011016	0.008531	259948683
741	0.011052	0.008352	260670416
742	0.011091	0.008407	261354837
743	0.011065	0.008486	262055383
744	0.011089	0.008936	263007957
745	0.011082	0.008754	263859183
746	0.011128	0.008457	264579441
747	0.011162	0.008637	265346790
748	0.011377	0.008609	266075197
749	0.011246	0.008515	266804273
750	0.011278	0.008529	267533843
751	0.011251	0.008620	268286497
752	0.011279	0.008789	269027160
753	0.011601	0.008851	269761707
754	0.011554	0.008829	270467272
755	0.011522	0.008760	271249683
756	0.011535	0.008798	272061517
757	0.011497	0.008717	272847973
758	0.011352	0.008723	273584199
759	0.011409	0.008683	274356254
760	0.011337	0.008672	275119650
761	0.011419	0.008580	275829784
762	0.011464	0.008902	276643596
763	0.011442	0.008814	277397807
764	0.011477	0.009011	278238107
765	0.011473	0.008695	278974317
766	0.011487	0.008808	279712415
767	0.011550	0.008920	280517109
768	0.011596	0.008848	281309023
769	0.011595	0.008922	282125120
770	0.011540	0.008906	282952699
771	0.011523	0.008973	283786395
772	0.011630	0.008788	284575750
773	0.011636	0.008973	285371106
774	0.011691	0.008823	286141200
775	0.011617	0.008927	286902544
776	0.011626	0.009063	287715125
777	0.011710	0.008964	288482465
778	0.011639	0.008818	289200120
779	0.011662	0.009160	290045732
780	0.011699	0.009017	290806916
781	0.011744	0.008890	291526507
782	0.011764	0.009028	292281098
783	0.011779	0.008926	293044224
784	0.011784	0.009251	293924995
785	0.012028	0.009169	294749841
786	0.012050	0.009125	295471202
787	0.011961	0.009224	296277144
788	0.011924	0.009228	297048072
789	0.012134	0.009281	297778554
790	0.012157	0.009385	298611331
791	0.012135	0.009633	299447888
792	0.012513	0.009444	300254314
793	0.012208	0.009633	301145120
794	0.012246	0.009531	301949030
795	0.012320	0.009433	302704455
796	0.012295	0.009563	303494664
797	0.012337	0.009301	304241417
798	0.012340	0.010083	305044249
799	0.012487	0.009598	305813721
800	0.012404	0.009471	306624435
801	0.012292	0.009815	307535748
802	0.012364	0.009692	308436443
803	0.012362	0.009340	309253817
804	0.012295	0.009442	310015791
805	0.012315	0.009525	310829172
806	0.012322	0.009475	311637625
807	0.012314	0.009315	312451018
808	0.012101	0.009256	313237700
809	0.012124	0.009298	314068262
810	0.012263	0.009354	314887694
811	0.012225	0.009692	315734987
812	0.012638	0.009980	316573324
813	0.012650	0.009611	317437314
814	0.012471	0.009545	318202693
815	0.012520	0.009552	319017232
816	0.012428	0.009627	319898765
817	0.012448	0.009845	320802076
818	0.012452	0.009432	321621618
819	0.012301	0.009369	322445154
820	0.012299	0.009561	323332975
821	0.012240	0.009550	324267050
822	0.012347	0.009542	325095031
823	0.012295	0.009447	325915005
824	0.012308	0.009417	326729440
825	0.012356	0.009509	327527078
826	0.012348	0.009494	328317726
827	0.012433	0.009561	329182428
828	0.012388	0.009609	330045923
829	0.012446	0.009643	330925228
830	0.012476	0.009534	331736173
831	0.012501	0.009820	332579362
832	0.012470	0.009638	333476570
833	0.012480	0.009638	334323935
834	0.012563	0.009846	335174691
835	0.012521	0.009704	335973903
836	0.012572	0.009829	336798438
837	0.012560	0.009612	337623290
838	0.012580	0.009609	338429851
839	0.012600	0.009742	339252105
840	0.012613	0.009938	340185605
841	0.012757	0.009871	341031276
842	0.012754	0.009826	341950108
843	0.012771	0.009699	342815842
844	0.012716	0.009704	343691926
845	0.012739	0.009923	344567405
846	0.012773	0.009764	345379203
847	0.012755	0.009685	346210056
848	0.012781	0.009977	347048559
849	0.012855	0.009789	347899922
850	0.012805	0.009792	348721479
851	0.012821	0.009794	349543080
852	0.012830	0.009995	350478443
853	0.012850	0.010002	351311377
854	0.012861	0.010085	352336738
855	0.012890	0.009908	353190412
856	0.012957	0.009857	354041435
857	0.012908	0.009832	354851271
858	0.012927	0.009803	355698730
859	0.012982	0.009873	356486007
860	0.012976	0.009936	357313299
861	0.013036	0.009932	358174453
862	0.013044	0.009883	359014116
863	0.013116	0.009874	359799235
864	0.013087	0.010016	360702827
865	0.013042	0.010048	361547314
866	0.013056	0.010027	362347286
867	0.013243	0.010811	363302328
868	0.013348	0.010144	364190998
869	0.013401	0.010359	365083212
870	0.013419	0.010285	365928076
871	0.013467	0.010319	366776584
872	0.013485	0.010131	367688227
873	0.013248	0.010328	368646517
874	0.013212	0.010026	369490605
875	0.013213	0.010780	370483351
876	0.013290	0.010169	371371251
877	0.013411	0.010219	372223110
878	0.013309	0.010485	373222544
879	0.013430	0.010314	374057347
880	0.013578	0.010603	375034839
881	0.013578	0.010472	375926246
882	0.013605	0.010506	376792572
883	0.013543	0.010272	377679731
884	0.013688	0.010285	378553159
885	0.013751	0.010347	379426097
886	0.013762	0.010401	380268595
887	0.013715	0.010608	381145855
888	0.013759	0.010828	382133751
889	0.013712	0.010530	382966246
890	0.013750	0.010741	383916164
891	0.013749	0.010546	384807014
892	0.013770	0.010497	385719564
893	0.013519	0.010352	386597518
894	0.013561	0.010476	387448072
895	0.013557	0.010528	388436712
896	0.013595	0.010329	389309274
897	0.013633	0.010647	390302785
898	0.013693	0.010437	391224474
899	0.013610	0.010348	392056794
900	0.013650	0.010451	392913529
901	0.013804	0.010772	393889960
902	0.013735	0.010493	394778139
903	0.013967	0.011205	395930540
904	0.013947	0.010742	396820643
905	0.013979	0.010708	397739028
906	0.014001	0.010760	398634985
907	0.014010	0.010621	399565204
908	0.014033	0.010872	400537235
909	0.013966	0.010754	401605134
910	0.013770	0.010665	402583885
911	0.014183	0.010814	403445125
912	0.013892	0.010376	404259940
913	0.013909	0.010427	405100689
914	0.013869	0.010508	406005933
915	0.013915	0.010821	406972476
916	0.013892	0.010610	407855152
917	0.013995	0.010666	408808650
918	0.013902	0.010679	409760197
919	0.013938	0.010561	410656982
920	0.013951	0.010541	411522648
921	0.013983	0.010702	412360117
922	0.014094	0.010861	413286850
923	0.014045	0.010861	414333369
924	0.014095	0.010875	415274542
925	0.014093	0.010917	416349981
926	0.014097	0.010667	417197866
927	0.014146	0.010963	418262817
928	0.014182	0.010867	419214314
929	0.014095	0.010728	420136622
930	0.014167	0.010848	421069588
931	0.014134	0.010766	422036367
932	0.014194	0.010820	422958477
933	0.014240	0.010853	423950627
934	0.014265	0.010919	424943145
935	0.014166	0.010902	426021805
936	0.014238	0.010833	426945742
937	0.014255	0.010985	427909100
938	0.014378	0.010998	428889202
939	0.014287	0.010856	429860139
940	0.014252	0.010978	430749429
941	0.014286	0.011347	431882594
942	0.014409	0.010916	432797871
943	0.014401	0.010995	433686716
944	0.014787	0.011017	434664799
945	0.014590	0.011272	435610779
946	0.014862	0.011190	436560679
947	0.014650	0.011368	437523208
948	0.014521	0.010953	438467045
949	0.014465	0.011067	439443937
950	0.014427	0.011144	440395471
951	0.014399	0.010975	441314446
952	0.014424	0.011017	442238498
953	0.014448	0.011120	443116816
954	0.014462	0.011092	444075554
955	0.014464	0.011218	445094805
956	0.014529	0.011145	446056307
957	0.014520	0.011094	447010935
958	0.014558	0.011223	447994418
959	0.014549	0.011183	448972647
960	0.014537	0.011263	449933100
961	0.014634	0.011308	450925385
962	0.014645	0.011271	451937278
963	0.014570	0.011243	452905926
964	0.014638	0.011240	453909987
965	0.014625	0.011208	454905432
966	0.014655	0.011198	455857108
967	0.014730	0.011268	456804168
968	0.014729	0.011601	457822899
969	0.014805	0.011627	458838114
970	0.014719	0.011486	459785435
971	0.014739	0.011524	460775582
972	0.014795	0.011412	461731077
973	0.014692	0.011409	462679870
974	0.014737	0.011589	463696650
975	0.014779	0.011383	464664509
976	0.014766	0.011570	465616245
977	0.014758	0.011410	466650706
978	0.014751	0.011457	467595523
979	0.014801	0.011557	468745847
980	0.014876	0.011509	469694462
981	0.014966	0.011638	470668042
982	0.014928	0.011652	471649646
983	0.015118	0.011975	472785920
984	0.015136	0.011659	473769109
985	0.015197	0.012060	474893956
986	0.014941	0.011558	475883646
987	0.014941	0.011495	476837631
988	0.014935	0.011469	477771273
989	0.015019	0.011803	478844167
990	0.014993	0.011603	479849051
991	0.014988	0.011612	480846121
992	0.015004	0.011565	481808886
993	0.015097	0.011579	482858075
994	0.015029	0.011594	483868353
995	0.015161	0.011697	484854912
996	0.015085	0.011567	485803520
997	0.015136	0.011802	486846957
998	0.015177	0.011701	487807111
999	0.015302	0.011888	488919941
1000	0.015318	0.011948	490001846
